fileid: overall bbox
overall bbox
bottom left
bottom right
upper left
upper right

10591: 14,01168000, 14,02520000, 50,91949000, 50,92896000
14.01168000,50.91949000,14.02520000,50.92896000
14.01168000,50.91949000,14.01868000,50.92400000
14.01868000,50.91949000,14.02520000,50.92400000
14.01168000,50.92400000,14.01868000,50.92896000
14.01868000,50.92400000,14.02520000,50.92896000

10595: 14,01315000, 14,02804000, 50,90556000, 50,92009000
14.01315000,50.90556000,14.02804000,50.92009000
14.01315000,50.90556000,14.02015000,50.91256000
14.02015000,50.90556000,14.02804000,50.91256000
14.01315000,50.91256000,14.02015000,50.92009000
14.02015000,50.91256000,14.02804000,50.92009000

34791: 12,10112000, 12,14641000, 51,70417000, 51,73748000
12.10112000,51.70417000,12.14641000,51.73748000
12.10112000,51.70417000,12.12312000,51.72017000
12.12312000,51.70417000,12.14641000,51.72017000
12.10112000,51.72017000,12.12312000,51.73748000
12.12312000,51.72017000,12.14641000,51.73748000

9396: 12,02091000, 12,09459000, 51,65483000, 51,68813000
12.02091000,51.65483000,12.09459000,51.68813000
12.02091000,51.65483000,12.03991000,51.67183000
12.03991000,51.65483000,12.09459000,51.67183000
12.02091000,51.67183000,12.03991000,51.68813000
12.03991000,51.67183000,12.09459000,51.68813000

9394: 12,18546000, 12,25325000, 51,70271000, 51,73254000
12.18546000,51.70271000,12.25325000,51.73254000
12.18546000,51.70271000,12.21946000,51.71771000
12.21946000,51.70271000,12.25325000,51.71771000
12.18546000,51.71771000,12.21946000,51.73254000
12.21946000,51.71771000,12.25325000,51.73254000

44982: 12,0907583, 12,1150133, 51,7768183, 51,7900833
12.0907583,51.7768183,12.1150133,51.7900833
12.0907583,51.7768183,12.1027583,51.7838183
12.1027583,51.7768183,12.1150133,51.7838183
12.0907583,51.7838183,12.1027583,51.7900833
12.1027583,51.7838183,12.1150133,51.7900833
